image_width: 464
image_height: 400
camera_name: narrow_stereo/left
camera_matrix:
  rows: 3
  cols: 3
  data: [240.90258,   0.     , 232.29681,
           0.     , 242.72395, 207.36439,
           0.     ,   0.     ,   1.     ]
distortion_model: plumb_bob
distortion_coefficients:
  rows: 1
  cols: 5
  data: [0.034672, -0.013088, 0.005869, 0.001985, 0.000000]
rectification_matrix:
  rows: 3
  cols: 3
  data: [ 0.99653341,  0.01798263, -0.08122679,
         -0.01790216,  0.99983827,  0.00171889,
          0.08124457, -0.00025879,  0.99669416]
projection_matrix:
  rows: 3
  cols: 4
  data: [278.14067,   0.     , 269.74071,   0.     ,
           0.     , 278.14067, 210.92464,   0.     ,
           0.     ,   0.     ,   1.     ,   0.     ]
