/**:
  ros__parameters:
    left_image_width: 464
    left_image_height: 400
    left_camera_name: narrow_stereo/left
    left_camera_matrix: [240.90258, 0. , 232.29681,           0.     , 242.72395, 207.36439,           0.     ,   0.     ,   1.     ]
    left_distortion_model: plumb_bob
    left_distortion_coefficients: [0.034672, -0.013088, 0.005869, 0.001985, 0.000000]
    left_rectification_matrix: [ 0.99653341, 0.01798263, -0.08122679,         -0.01790216,  0.99983827,  0.00171889,          0.08124457, -0.00025879,  0.99669416]
    left_projection_matrix: [278.14067, 0. , 269.74071, 0. ,           0.     , 278.14067, 210.92464,   0.     ,           0.     ,   0.     ,   1.     ,   0.     ]
    right_image_width: 464
    right_image_height: 400
    right_camera_name: narrow_stereo/right
    right_camera_matrix: [238.54333, 0. , 229.62423,           0.     , 240.60224, 207.18591,           0.     ,   0.     ,   1.     ]
    right_distortion_model: plumb_bob
    right_distortion_coefficients: [0.032802, -0.001568, 0.007452, -0.000683, 0.000000]
    right_rectification_matrix: [ 0.99621532, 0.01924173, -0.0847631 ,         -0.01932569,  0.99981323, -0.00017003,          0.084744  ,  0.00180749,  0.99640112]
    right_projection_matrix: [278.14067, 0. , 269.74071, 7.11035,           0.     , 278.14067, 210.92464,   0.     ,           0.     ,   0.     ,   1.     ,   0.     ]
