left_image_width: 464
left_image_height: 400
left_camera_name: /head/front/cam/image_rect/left
left_camera_matrix: [237.40791, 0. , 233.43722,           0.     , 239.46768, 206.8979 ,           0.     ,   0.     ,   1.     ]
left_distortion_model: plumb_bob
left_distortion_coefficients: [0.035341, -0.002923, 0.008238, 0.001785, 0.000000]
left_rectification_matrix: [ 0.99733076, -0.01062806, 0.07223845,          0.01074024,  0.99994164, -0.00116459,         -0.07222186,  0.00193733,  0.99738671]
left_projection_matrix: [271.79098, 0. , 202.77231, 0. ,           0.     , 271.79098, 210.75114,   0.     ,           0.     ,   0.     ,   1.     ,   0.     ]
right_image_width: 464
right_image_height: 400
right_camera_name: /head/front/cam/image_rect/right
right_camera_matrix: [239.46219, 0. , 234.09259,           0.     , 241.31301, 206.7648 ,           0.     ,   0.     ,   1.     ]
right_distortion_model: plumb_bob
right_distortion_coefficients: [0.039283, -0.008735, 0.006239, 0.002693, 0.000000]
right_rectification_matrix: [ 0.99741463, -0.01077275, 0.07104933,          0.0106624 ,  0.99994129,  0.00193227,         -0.07106597, -0.00116972,  0.99747093]
right_projection_matrix: [271.79098, 0. , 202.77231, 6.8302 ,           0.     , 271.79098, 210.75114,   0.     ,           0.     ,   0.     ,   1.     ,   0.     ]
